2 0.5318839391072591 0.8124958179615162 0.06267344156901042 0.058253309461805555 0.7845054864883423
1 0.5247918287913005 0.8023008558485243 0.08010409673055013 0.08132923267505787 0.3780680298805237
1 0.5005149046579996 0.7737562956633391 0.022880713144938152 0.07033725314670139 0.19507429003715515
1 0.6750819524129231 0.7737010814525463 0.08080431620279947 0.06210564507378472 0.1278887540102005
2 0.6553471565246582 0.7609487180356627 0.04388294219970703 0.04570758960865162 0.10845716297626495
1 0.5368317445119222 0.7827293961136429 0.0623557726542155 0.10283502649377893 0.0924229770898819
0 0.5005478858947754 0.7736784193250869 0.02276433308919271 0.07021020959924769 0.0899057537317276
2 0.5289603233337402 0.7955511305067274 0.07931270599365234 0.09294201886212385 0.08638642728328705
0 0.5059923648834228 0.8591915271900318 0.04689308802286784 0.02870873345269097 0.08310633152723312
1 0.5234041213989258 0.765063222249349 0.027053324381510417 0.045667125560619214 0.06600159406661987
0 0.5525220553080241 0.8953151561595776 0.04144891103108724 0.028003946940104166 0.054803404957056046
3 0.5246440728505453 0.8075522246184172 0.07965943018595377 0.0668569494176794 0.050957586616277695
