2 0.5351624965667725 0.44383906611689816 0.04294430414835612 0.05328815601490162 0.6879071593284607
2 0.6362826029459635 0.40726540176956744 0.029546483357747396 0.04433551364474826 0.6804440021514893
0 0.655586592356364 0.4128029293484158 0.07098814646402994 0.040397446243851276 0.5461881160736084
1 0.5285437901814779 0.4399354298909505 0.06525967915852865 0.053966522216796875 0.3172500729560852
2 0.5438597202301025 0.4463820422137225 0.023822307586669922 0.04607541119610822 0.19170860946178436
1 0.6554372151692708 0.41222363224735964 0.0711382548014323 0.04175615663881655 0.1432488113641739
2 0.524571402867635 0.44806543986002606 0.028296566009521483 0.03771413167317708 0.13809248805046082
2 0.5165995597839356 0.43911385712800205 0.038125038146972656 0.05401529382776331 0.09587223082780838
0 0.6770631790161132 0.3324751394766348 0.02742932637532552 0.029473368326822916 0.08346414566040039
1 0.5119984785715739 0.42477210715964986 0.02888657251993815 0.0424652099609375 0.07761543244123459
