1 0.8773862520853678 0.45664045545789933 0.12328077952067057 0.18022065339265048 0.9495589733123779
0 0.6934812227884929 0.2875370732060185 0.13416932423909506 0.28017255995008683 0.8880829811096191
1 0.7362481435139974 0.5093077765570746 0.015507125854492187 0.052289440013744214 0.7034624218940735
1 0.8887111981709798 0.6690647831669561 0.13150348663330078 0.35255839029947916 0.5960038900375366
1 0.6903964360555013 0.6562439529984085 0.010981369018554687 0.04681848596643518 0.493761271238327
1 0.769230842590332 0.7109809875488281 0.13458646138509114 0.26551688865379053 0.4200781285762787
2 0.7691185951232911 0.7106324372468171 0.1337326685587565 0.264666748046875 0.31677380204200745
1 0.8857889811197917 0.5516280986644604 0.1554547627766927 0.35823514020001446 0.2537233233451843
1 0.7673324267069499 0.25720970718948927 0.01631018320719401 0.034534341317636 0.1944362074136734
1 0.9110482851664226 0.7172244884349682 0.13586572011311848 0.21773461235894098 0.11092245578765869
0 0.7691185951232911 0.7106324372468171 0.1337326685587565 0.264666748046875 0.055549003183841705
