1 0.5147660891215007 0.4330456486454716 0.1072800318400065 0.13582418936270255 0.9450245499610901
0 0.017798017958799997 0.792025050410518 0.023679015040397645 0.047467662669994214 0.6494266986846924
1 0.535956621170044 0.4594822495071976 0.0678743044535319 0.07228045993381077 0.49246153235435486
0 0.013036956638097763 0.8873322380913629 0.020912527541319528 0.033907911512586805 0.21985597908496857
2 0.016608332470059394 0.7922424881546586 0.026194010426600776 0.04935901783130787 0.18387874960899353
1 0.546792205174764 0.46899904321741176 0.04483925501505534 0.05754386054144965 0.18297091126441956
1 0.5124505837758382 0.46852846498842593 0.01388394037882487 0.030217262550636573 0.16273446381092072
1 0.4969767093658447 0.4193034560592086 0.06337525049845377 0.11625566835756655 0.11177288740873337
0 0.006062685170521339 0.796544110333478 0.010938893320659797 0.057678448712384256 0.07341451197862625
1 0.4908839225769043 0.17753386320891204 0.011808458964029949 0.07424641361942998 0.07025279849767685
0 0.012024384830147028 0.8985738966200086 0.0223407743498683 0.062283155653211804 0.05969918519258499
1 0.4930715560913086 0.20570738050672743 0.010538673400878907 0.03198103728117766 0.057704534381628036
3 0.01732917527357737 0.7919512430826823 0.02453123132387797 0.048042523419415506 0.0535423718392849
3 0.0053142465806255736 0.801960782651548 0.010608258315672477 0.04538715503833912 0.05219719931483269
1 0.011970902575800817 0.9025906315556279 0.023441101921101413 0.06878916422526042 0.05085944011807442
