0 0.7008349418640136 0.21231281757354736 0.21435794830322266 0.39775697390238446 0.9999390840530396
0 0.3996177355448405 0.47383254722312645 0.27043819427490234 0.38200952035409436 0.9996299743652344
0 0.8850142161051432 0.44736623410825377 0.22997156778971353 0.37543117381908275 0.9977027773857117
1 0.31353596051534016 0.18036970915617767 0.2153943697611491 0.36073941831235534 0.917218029499054
1 0.9330991427103679 0.9097455060040509 0.12941964467366537 0.2356357150607639 0.3154607117176056
1 0.3695765813191732 0.3023924465532656 0.33426539103190106 0.5967771547812003 0.24230879545211792
0 0.4042792002360026 0.509814198811849 0.15838069915771485 0.24589917218243634 0.15798436105251312
2 0.3043100833892822 0.15903568002912732 0.1939864158630371 0.31742990811665855 0.08657116442918777
1 0.8851880391438802 0.5090841081407335 0.2284960428873698 0.46429694846824365 0.07728549838066101
0 0.8000395774841309 0.34614652351096825 0.3999208450317383 0.5942928949991862 0.06561752408742905
