0 0.48706218401590984 0.4634839940954138 0.04130837122599284 0.11619302255135995 0.9978967905044556
0 0.4075892607371012 0.32196230005334925 0.021125380198160806 0.034581021909360535 0.6302262544631958
1 0.4137947241465251 0.27930627045808015 0.02361885706583659 0.03772947523328993 0.5955858826637268
1 0.46698015530904136 0.931659189860026 0.024560324350992837 0.11717455828631365 0.5797978043556213
1 0.40717740058898927 0.2963662747983579 0.020456663767496743 0.08380327577944155 0.512520432472229
1 0.40785590807596844 0.2715352941442419 0.01371450424194336 0.048101863154658565 0.37083718180656433
0 0.57237548828125 0.8678323816370082 0.0670111338297526 0.2749015525535301 0.3339713513851166
1 0.5431473731994629 0.9281456276222512 0.01972827911376953 0.05152531376591435 0.21907003223896027
2 0.4074477513631185 0.32167376765498407 0.021367200215657554 0.034467202645760996 0.1168593317270279
1 0.46385261217753093 0.9500802216706452 0.019791952768961587 0.06749295835141782 0.08124854415655136
2 0.543291695912679 0.9341283162434896 0.01834265391031901 0.043251433195891205 0.07784656435251236
1 0.44723351796468097 0.15086707715634948 0.02601337432861328 0.1179652249371564 0.07113006711006165
3 0.40748494466145835 0.3216165189389829 0.021393839518229166 0.03468958536783854 0.06042894721031189
1 0.3870047092437744 0.2533704192550094 0.011344687143961588 0.03937794720685041 0.052881624549627304
1 0.4115271250406901 0.2683161558928313 0.026851908365885416 0.043179180003978586 0.05038675293326378
