0 0.5615501403808594 0.47776466652199073 0.028525288899739584 0.11529416684751158 0.9993188381195068
0 0.46259940465291344 0.3620985384340639 0.02651386260986328 0.11274224740487558 0.999206006526947
0 0.5642175038655599 0.6413893805609809 0.029535420735677085 0.12213931613498263 0.9985226988792419
0 0.45043614705403645 0.7434588962131077 0.0275787353515625 0.13490272804542824 0.9971469044685364
0 0.47003318468729655 0.2176881648876049 0.026230271657307944 0.10854654665346498 0.9953235983848572
0 0.6353436152140299 0.04696855545043945 0.06248893737792969 0.05231004644323278 0.9937896132469177
0 0.45785818099975584 0.550994731761791 0.02668482462565104 0.1206788804796007 0.9718096852302551
0 0.4752652645111084 0.11715673517297816 0.025030104319254558 0.10723646658438224 0.9691756963729858
0 0.4339744249979655 0.03380148101735998 0.06508642832438151 0.05576974462579798 0.8954843282699585
0 0.4714968204498291 0.17453673327410663 0.028495184580485024 0.20867641590259695 0.7261574864387512
0 0.45459651947021484 0.036679065227508544 0.019284884134928387 0.05046965546078152 0.30007821321487427
0 0.6313123385111491 0.05894033290721752 0.055985450744628906 0.03160912549054181 0.15322129428386688
