1 0.8035690625508626 0.7882393448441117 0.029589271545410155 0.0624635484483507 0.9621875286102295
1 0.9056257565816244 0.9216413427282263 0.0277255376180013 0.07918254711009838 0.9425143003463745
0 0.8789894421895345 0.3628180609809028 0.014139874776204427 0.0289205480504919 0.864482581615448
0 0.8938608805338542 0.3521120565908927 0.015974934895833334 0.030576211434823496 0.6322397589683533
0 0.908203919728597 0.34622903046784576 0.024834251403808592 0.031052059597439237 0.5595012307167053
1 0.9818018913269043 0.43785667419433594 0.01884759267171224 0.030429105405454283 0.5375695824623108
2 0.896607494354248 0.35277362399631074 0.049124590555826825 0.043617192021122686 0.26072007417678833
0 0.9180940310160319 0.34345937658239295 0.028422737121582033 0.02360042995876736 0.2122790813446045
0 0.9135090192159017 0.34763990331579137 0.020350201924641927 0.021490676314742475 0.14238591492176056
0 0.9259834289550781 0.34400141680682145 0.014105478922526041 0.023682064480251737 0.13165996968746185
0 0.5534299532572429 0.1501087471290871 0.011431566874186198 0.0232121502911603 0.1089695394039154
1 0.8949568112691243 0.3534398255524812 0.01622155507405599 0.029819488525390625 0.1042788177728653
0 0.9120185534159343 0.34020601908365883 0.02408123016357422 0.021318591082537617 0.10205113142728806
2 0.8949568112691243 0.3534398255524812 0.01622155507405599 0.029819488525390625 0.0891021192073822
2 0.9056844711303711 0.9220208062065972 0.02725499471028646 0.07907036675347222 0.06980426609516144
0 0.5506397565205892 0.1375830438401964 0.011536216735839844 0.05307835472954644 0.06913381814956665
0 0.9008701960245769 0.3491513005009404 0.022344080607096355 0.03329575150101273 0.06069271266460419
