0 0.44599912961324056 0.48752274689850983 0.16700137456258138 0.258768547905816 0.9998113512992859
0 0.7587153116861979 0.162311440927011 0.15024795532226562 0.25992985478153935 0.9997486472129822
0 0.5089993635813396 0.413058598836263 0.16492465337117512 0.24724366929796007 0.9997096657752991
0 0.6174542744954427 0.2910941159283673 0.16680501302083334 0.24236406396936488 0.9994389414787292
0 0.8163623809814453 0.12450502492763378 0.1453600565592448 0.24890299991325096 0.9991635084152222
0 0.5616988658905029 0.34801081198233147 0.16049089431762695 0.25480528937445746 0.9989271759986877
0 0.22488442262013753 0.8057152359573929 0.18533749580383302 0.22870726408781827 0.9987046718597412
3 0.1982481320699056 0.9336573565447772 0.05766785939534505 0.11197198938440393 0.3100895881652832
0 0.8686123530069987 0.13242895161664045 0.053682708740234376 0.2297087245517307 0.21062929928302765
2 0.1989392360051473 0.9339469344527633 0.0588925838470459 0.11349899857132523 0.2087344229221344
0 0.19163107872009277 0.9310110869231047 0.04745283126831055 0.10311590124059607 0.16495166718959808
0 0.8790573120117188 0.14953090173226816 0.11254132588704427 0.1926831916526512 0.05884141847491264
1 0.2026258627573649 0.9349522060818143 0.06721881230672201 0.11723344590928819 0.057663459330797195
