0 0.5324602127075195 0.4446544788501881 0.06610641479492188 0.08428192138671875 0.9996654987335205
0 0.4594532012939453 0.5059336626971209 0.06738160451253256 0.08628613507306135 0.9994571805000305
0 0.3785959243774414 0.5717456111201533 0.07255191802978515 0.0951303552698206 0.9971006512641907
0 0.2835446834564209 0.6417838202582465 0.10313405990600585 0.14279739945023148 0.8970469236373901
0 0.1784191131591797 0.878732497603805 0.07826703389485677 0.098438799822772 0.7626819014549255
0 0.13658034006754557 0.7733382048430266 0.08178606033325195 0.09755655924479166 0.21912042796611786
0 0.08678632179896037 0.8192708050763166 0.11724312305450439 0.09386093704788773 0.21438178420066833
0 0.49312671025594074 0.456676596182364 0.08080374399820964 0.05432281494140625 0.12757526338100433
0 0.47070980072021484 0.4916755958839699 0.09833539326985677 0.11990718135127315 0.09947939962148666
0 0.35954777399698895 0.5810607062445746 0.03210252126057943 0.07677267569082755 0.07591816037893295
0 0.4931580861409505 0.4420511316370081 0.026055018107096355 0.06593921802662037 0.07005950063467026
1 0.4101664702097575 0.501030335602937 0.021360747019449868 0.0811830308702257 0.06548145413398743
0 0.11739346583684286 0.788669925265842 0.1275164842605591 0.1198740076135706 0.05305429548025131
