0 0.473288361231486 0.7269540857385706 0.036185169219970705 0.1453280978732639 0.9995375871658325
0 0.5813910484313964 0.23941217351842808 0.06586704254150391 0.09106701038501881 0.9994012117385864
0 0.6043140411376953 0.39789772033691406 0.03302752176920573 0.13681202641239873 0.9984574317932129
0 0.5930132865905762 0.7156307361744069 0.03312384287516276 0.1423486215096933 0.9980539083480835
0 0.4778534730275472 0.2078711545025861 0.03053261439005534 0.13135128727665654 0.9973012804985046
0 0.47837104797363283 0.061389063905786585 0.03229967753092448 0.1198112999951398 0.9972963929176331
0 0.4773661295572917 0.5346304716887298 0.035333506266276044 0.14013937490957754 0.9967178702354431
0 0.4626572767893473 0.9093945821126302 0.032966327667236325 0.1507237752278646 0.9953449368476868
0 0.48117364247639977 0.3714812808566623 0.03204326629638672 0.1401548880117911 0.9945421814918518
0 0.6305437088012695 0.12850515577528213 0.03891487121582031 0.13332016556351273 0.9898970127105713
0 0.5803683598836263 0.9238231235080295 0.036159515380859375 0.1518708970811632 0.9822643399238586
0 0.4776900768280029 0.14438109221281828 0.03601884841918945 0.28876218442563656 0.3832569718360901
0 0.46713668505350747 0.8187794720685041 0.04426902135213216 0.3555269029405382 0.27375635504722595
0 0.6001315752665202 0.5474327935112847 0.03301397959391276 0.13210245768229167 0.1972656399011612
1 0.6274942715962728 0.6280914589210793 0.0337100346883138 0.08202520299840857 0.11669972538948059
