0 0.3584439754486084 0.3608490837944878 0.20018612543741862 0.4143615157515914 0.9999221563339233
0 0.6485347112019857 0.7984602186414931 0.19977696736653647 0.3988231517650463 0.9998352527618408
0 0.4806931495666504 0.3361016873960142 0.18337357838948568 0.4321375811541522 0.9998266100883484
0 0.9151375770568848 0.6644704465512876 0.16972484588623046 0.468697272406684 0.9996522665023804
0 0.7581701278686523 0.7105701587818287 0.1943439483642578 0.45138414171006946 0.999636173248291
0 0.7277916590372722 0.1994710017133642 0.1885089874267578 0.3934086525881732 0.9995025396347046
0 0.9697019894917805 0.5251099197952835 0.060408592224121094 0.44392383716724537 0.8550518751144409
0 0.38346994717915855 0.8663252088758681 0.19107872645060223 0.259443042896412 0.8501777648925781
0 0.35799150466918944 0.8541181211118345 0.04949951171875 0.07675261320891204 0.12938354909420013
0 0.9471908887227376 0.5830861268220124 0.10445486704508464 0.561689390959563 0.10585812479257584
1 0.38397808074951173 0.86603433114511 0.18480885823567708 0.26101741084346064 0.09483012557029724
