0 0.4911745230356852 0.43438196535463686 0.06975278854370118 0.11093408090096933 0.9998433589935303
0 0.6166501681009928 0.30551653261537903 0.06273568471272786 0.10777599193431713 0.9997487664222717
0 0.4016472021738688 0.5571719416865596 0.07849912643432617 0.10120007550274884 0.9996477365493774
0 0.5162251631418864 0.403574385466399 0.06827497482299805 0.10723195959020544 0.9994545578956604
0 0.5610485076904297 0.35541537249529803 0.06732126871744791 0.10356111879701968 0.997923731803894
0 0.6406064669291178 0.2873995745623553 0.06135501861572266 0.10823296440972222 0.996615469455719
0 0.5375533103942871 0.3782291129783348 0.06942272186279297 0.10995090625904225 0.9964684247970581
0 0.11027169227600098 0.18041130348488135 0.06206315358479818 0.05577381275318287 0.8000355362892151
2 0.3941386540730794 0.6154405664514613 0.027935918172200522 0.0528604578088831 0.15356217324733734
3 0.3941386540730794 0.6154405664514613 0.027935918172200522 0.0528604578088831 0.14724980294704437
0 0.09274747371673583 0.17512154755768952 0.025660943984985352 0.056862414324725115 0.13118678331375122
0 0.9507792154947917 0.8498412803367332 0.08451054890950521 0.30645215069806137 0.12617646157741547
0 0.9371358235677083 0.23782228540491174 0.1239129384358724 0.30552975689923323 0.059658996760845184
