0 0.6134876569112142 0.5650459289550781 0.0360934575398763 0.15349612765842013 0.9991463422775269
0 0.6158746401468913 0.3812389515064381 0.03485457102457682 0.14482201470269096 0.9984422326087952
0 0.5091130256652832 0.14098440452858255 0.03230902353922526 0.12671273549397785 0.9981200098991394
0 0.6077948252360026 0.7430278919361256 0.03531366984049479 0.14884072762948494 0.9955625534057617
0 0.622127374013265 0.16062789493136936 0.034203656514485675 0.1632426933006004 0.9876499772071838
0 0.49248040517171227 0.4725852401168258 0.033156967163085936 0.164375079119647 0.6488828659057617
0 0.40781102180480955 0.5484394214771412 0.015257549285888673 0.05063035753038195 0.643025815486908
0 0.8442123413085938 0.7518401817039208 0.013104756673177084 0.03816002739800347 0.10118242353200912
0 0.5142306645711263 0.026236760174786603 0.029113388061523436 0.052473520349573206 0.07084845006465912
1 0.8441336949666342 0.7516856723361545 0.012620798746744792 0.0387033533166956 0.06851299852132797
0 0.9415314038594563 0.3349894912154586 0.025408490498860677 0.02858849984628183 0.05624951422214508
