0 0.6017327944437663 0.09463491351516158 0.03336391448974609 0.13075614681950323 0.999017596244812
0 0.483351198832194 0.20520885608814382 0.03037293752034505 0.13356716014720776 0.9967992305755615
0 0.5948935190836588 0.32363059432418256 0.0330041249593099 0.14960838600441262 0.9966753721237183
0 0.4652594566345215 0.555306159125434 0.035875193277994794 0.14638660572193288 0.9966457486152649
0 0.5750254948933919 0.8315288967556423 0.036926651000976564 0.15787794325086807 0.9958570599555969
0 0.5853507995605469 0.5814936037416811 0.03477528889973958 0.1811769273546007 0.9941714406013489
0 0.4730135281880697 0.3705334981282552 0.031057421366373697 0.15084239818431713 0.9924880266189575
0 0.44538321495056155 0.9081056665491175 0.03593301773071289 0.18035193549262152 0.5221036076545715
2 0.7020288149515788 0.05198014312320286 0.02036762237548828 0.08263659124021176 0.3272242248058319
0 0.7320289611816406 0.760225734004268 0.05981101989746094 0.19359215630425347 0.2666771709918976
0 0.7905392646789551 0.8130422521520544 0.07979920705159506 0.1485157154224537 0.2439480721950531
0 0.572852611541748 0.9795679728190104 0.03827660878499349 0.039091096100983797 0.21677853167057037
2 0.6995901425679525 0.15334132159197772 0.025426038106282554 0.10216361151801215 0.11619621515274048
0 0.3263369560241699 0.1480338343867549 0.04833431243896484 0.17718579327618633 0.11032740026712418
1 0.7019335110982259 0.05188746319876777 0.020527458190917967 0.08254404332902697 0.09133440256118774
